Тесты:

1.
вход: 		ответ:
4		выше главной диагонали:32
1 2 3 4		выше побочной диагонали:22
5 6 7 8
9 10 11 12
13 14 15 16
3
1 2 3
4 5 6
7 8 9
5
1 2 3 4 5
6 7 8 9 10
11 12 13 14 15
16 17 18 19 20
21 22 23 24 25

2.
вход:		ответ:
4
1 2 5 4		выше главной диагонали:24
3 6 7 8		выше побочной диагонали:22
9 10 1 12
13 14 5 16
3
1 2 -3
4 4 6
7 8 8
5
1 2 3 4 5
6 7 8 1 10
11 12 3 14 15
16 7 18 19 20
21 22 23 24 25








3.
вход:		ответ:
4
1 3 2 2		выше главной диагонали:6
3 6 2 3		sAm = sBm
9 10 1 2
13 14 5 16		выше побочной диагонали:22
3
1 3 2
4 4 3
7 8 8
5
1 2 3 2 2
6 7 2 2 3
11 12 3 2 2
16 7 18 2 2
21 22 23 2 2
